pid:
  mass: 2.47
  inertial:
    ixx: 0.01752
    ixy: 0.00001593
    ixz: 0.001803
    iyy: 0.01265
    iyz: 0.00002172
    izz: 0.02141
