pid:
  mass: 2.4
  inertial:
    ixx: 0.0000001355
    ixy: 0
    ixz: 0
    iyy: 0.0000000480
    iyz: 0
    izz: 0.0000000593